 Fermi (or HOMO) energy (hartree) =  -0.11129   Average Vxc (hartree)=  -0.20629
 Magnetization (Bohr magneton)=  1.00000000E+00
 Total spin up =  2.80000000E+01   Total spin down =  2.70000000E+01
 Eigenvalues (hartree) for nkpt=   1  k points, SPIN UP:
 kpt#   1, nband=100, wtk=  1.00000, kpt=  0.5000  0.5000  0.5000 (reduced coord)
  -1.48763   -1.47334   -1.47334   -1.47334   -0.58229   -0.47058   -0.47058   -0.47058
  -0.32345   -0.31937   -0.31937   -0.31937   -0.28271   -0.28271   -0.26331   -0.26331
  -0.26331   -0.23148   -0.23148   -0.23148   -0.17577   -0.17577   -0.17577   -0.15837
  -0.15837   -0.11644   -0.11644   -0.11644   -0.02521    0.05267    0.05267    0.05267
   0.09956    0.09956    0.09956    0.13306    0.13306    0.13306    0.14014    0.15471
   0.15471    0.15471    0.15738    0.15738    0.15772    0.15772    0.15772    0.17087
   0.22435    0.22435    0.22655    0.23440    0.23440    0.23440    0.24493    0.24493
   0.24493    0.26135    0.26135    0.26135    0.29499    0.29499    0.29499    0.30597
   0.30597    0.30597    0.31772    0.31772    0.31772    0.32328    0.32328    0.32856
   0.36839    0.36839    0.36839    0.38324    0.38324    0.39341    0.39341    0.39341
   0.41448    0.41448    0.41448    0.43460    0.43473    0.43473    0.44472    0.44472
   0.44472    0.44820    0.45779    0.45779    0.45779    0.48258    0.48258    0.48258
   0.49602    0.49603    0.49609    0.51166
 Eigenvalues (hartree) for nkpt=   1  k points, SPIN DOWN:
 kpt#   1, nband=100, wtk=  1.00000, kpt=  0.5000  0.5000  0.5000 (reduced coord)
  -1.48383   -1.46934   -1.46934   -1.46934   -0.58040   -0.46832   -0.46832   -0.46832
  -0.32036   -0.31600   -0.31600   -0.31600   -0.27834   -0.27834   -0.25969   -0.25969
  -0.25969   -0.22740   -0.22740   -0.22740   -0.17195   -0.17195   -0.17195   -0.15417
  -0.15417   -0.11129   -0.11129   -0.11129   -0.02408    0.05418    0.05418    0.05418
   0.10070    0.10070    0.10070    0.13495    0.13495    0.13495    0.14068    0.15612
   0.15612    0.15612    0.15943    0.15943    0.15943    0.15957    0.15957    0.17193
   0.22555    0.22555    0.22839    0.23576    0.23576    0.23576    0.24637    0.24637
   0.24637    0.26263    0.26263    0.26263    0.29658    0.29658    0.29658    0.30788
   0.30788    0.30788    0.31945    0.31945    0.31945    0.32434    0.32434    0.32919
   0.36951    0.36951    0.36951    0.38457    0.38457    0.39499    0.39499    0.39499
   0.41550    0.41550    0.41550    0.43528    0.43674    0.43674    0.44579    0.44579
   0.44579    0.44933    0.45965    0.45965    0.45965    0.48396    0.48397    0.48397
   0.49743    0.49744    0.49749    0.51336
