 Fermi (or HOMO) energy (hartree) =  -0.17090   Average Vxc (hartree)=  -0.19519
 Magnetization (Bohr magneton)=  1.00000000E+00
 Total spin up =  2.80000000E+01   Total spin down =  2.70000000E+01
 Eigenvalues (hartree) for nkpt=   1  k points, SPIN UP:
 kpt#   1, nband=100, wtk=  1.00000, kpt=  0.5000  0.5000  0.5000 (reduced coord)
  -0.94593   -0.91214   -0.91214   -0.91214   -0.51838   -0.44801   -0.44801   -0.44801
  -0.34495   -0.33026   -0.33026   -0.33026   -0.28549   -0.28549   -0.28326   -0.28326
  -0.28326   -0.25254   -0.25254   -0.25254   -0.20562   -0.20562   -0.20562   -0.19363
  -0.19363   -0.17725   -0.17725   -0.17725    0.01182    0.05858    0.05858    0.05858
   0.08202    0.08202    0.08202    0.10872    0.10872    0.10872    0.13408    0.14429
   0.14429    0.14463    0.14463    0.14463    0.15053    0.15053    0.15053    0.15951
   0.19764    0.20179    0.20179    0.20472    0.20472    0.20472    0.22277    0.22277
   0.22277    0.24656    0.24656    0.24656    0.27154    0.27154    0.27154    0.28445
   0.28445    0.28445    0.28851    0.30656    0.30656    0.31263    0.31263    0.31263
   0.34077    0.34077    0.34077    0.37667    0.37667    0.37667    0.38563    0.38835
   0.38835    0.39620    0.39620    0.39620    0.42614    0.42940    0.42940    0.44073
   0.44073    0.44073    0.44478    0.44478    0.44478    0.45429    0.45429    0.45429
   0.48103    0.48103    0.48105    0.49083
 Eigenvalues (hartree) for nkpt=   1  k points, SPIN DOWN:
 kpt#   1, nband=100, wtk=  1.00000, kpt=  0.5000  0.5000  0.5000 (reduced coord)
  -0.94012   -0.90583   -0.90583   -0.90583   -0.51604   -0.44522   -0.44522   -0.44522
  -0.34130   -0.32630   -0.32630   -0.32630   -0.27987   -0.27987   -0.27828   -0.27828
  -0.27828   -0.24732   -0.24732   -0.24732   -0.20063   -0.20063   -0.20063   -0.18842
  -0.18842   -0.17090   -0.17090   -0.17090    0.01297    0.05983    0.05983    0.05983
   0.08324    0.08324    0.08324    0.11041    0.11041    0.11041    0.13537    0.14589
   0.14589    0.14589    0.14620    0.14620    0.15234    0.15234    0.15234    0.16140
   0.19882    0.20303    0.20303    0.20684    0.20684    0.20684    0.22404    0.22404
   0.22404    0.24743    0.24743    0.24743    0.27333    0.27333    0.27333    0.28568
   0.28568    0.28568    0.28999    0.30742    0.30742    0.31448    0.31448    0.31448
   0.34190    0.34190    0.34190    0.37799    0.37799    0.37799    0.38712    0.38919
   0.38919    0.39704    0.39704    0.39704    0.42678    0.43114    0.43114    0.44199
   0.44199    0.44199    0.44619    0.44619    0.44619    0.45500    0.45500    0.45500
   0.48212    0.48212    0.48213    0.49217
