 Fermi (or HOMO) energy (hartree) =  -0.17884   Average Vxc (hartree)=  -0.19393
 Magnetization (Bohr magneton)=  1.00000000E+00
 Total spin up =  2.80000000E+01   Total spin down =  2.70000000E+01
 Eigenvalues (hartree) for nkpt=   1  k points, SPIN UP:
 kpt#   1, nband=100, wtk=  1.00000, kpt=  0.5000  0.5000  0.5000 (reduced coord)
  -0.86411   -0.82303   -0.82303   -0.82303   -0.50659   -0.44332   -0.44332   -0.44332
  -0.34362   -0.33061   -0.33061   -0.33061   -0.28536   -0.28536   -0.28496   -0.28496
  -0.28496   -0.25599   -0.25599   -0.25599   -0.20990   -0.20990   -0.20990   -0.19812
  -0.19812   -0.18540   -0.18540   -0.18540    0.02116    0.05875    0.05875    0.05875
   0.08119    0.08119    0.08119    0.10563    0.10563    0.10563    0.13672    0.14194
   0.14194    0.14269    0.14269    0.14269    0.15079    0.15079    0.15079    0.15881
   0.19883    0.19883    0.20111    0.20111    0.20111    0.20651    0.22019    0.22019
   0.22019    0.24592    0.24592    0.24592    0.26710    0.26710    0.26710    0.27607
   0.28289    0.28289    0.28289    0.30365    0.30365    0.31246    0.31246    0.31246
   0.33575    0.33575    0.33575    0.37454    0.37454    0.37454    0.38045    0.39088
   0.39088    0.39542    0.39542    0.39542    0.42508    0.42832    0.42832    0.43936
   0.43936    0.43936    0.44062    0.44062    0.44062    0.45448    0.45448    0.45448
   0.48250    0.48250    0.48278    0.48731
 Eigenvalues (hartree) for nkpt=   1  k points, SPIN DOWN:
 kpt#   1, nband=100, wtk=  1.00000, kpt=  0.5000  0.5000  0.5000 (reduced coord)
  -0.85861   -0.81689   -0.81689   -0.81689   -0.50419   -0.44040   -0.44040   -0.44040
  -0.33974   -0.32655   -0.32655   -0.32655   -0.27968   -0.27968   -0.27968   -0.27952
  -0.27952   -0.25045   -0.25045   -0.25045   -0.20466   -0.20466   -0.20466   -0.19268
  -0.19268   -0.17885   -0.17885   -0.17885    0.02230    0.06002    0.06002    0.06002
   0.08248    0.08248    0.08248    0.10736    0.10736    0.10736    0.13813    0.14387
   0.14387    0.14387    0.14393    0.14393    0.15276    0.15276    0.15276    0.16063
   0.20011    0.20011    0.20332    0.20332    0.20332    0.20787    0.22150    0.22150
   0.22150    0.24675    0.24675    0.24675    0.26890    0.26890    0.26890    0.27780
   0.28413    0.28413    0.28413    0.30448    0.30448    0.31439    0.31439    0.31439
   0.33684    0.33684    0.33684    0.37590    0.37590    0.37590    0.38185    0.39166
   0.39166    0.39622    0.39622    0.39622    0.42569    0.43010    0.43010    0.44058
   0.44058    0.44058    0.44194    0.44194    0.44194    0.45518    0.45518    0.45518
   0.48350    0.48350    0.48380    0.48858
