 Fermi (or HOMO) energy (hartree) =  -0.17867   Average Vxc (hartree)=  -0.19398
 Magnetization (Bohr magneton)=  1.00000000E+00
 Total spin up =  2.80000000E+01   Total spin down =  2.70000000E+01
 Eigenvalues (hartree) for nkpt=   1  k points, SPIN UP:
 kpt#   1, nband=100, wtk=  1.00000, kpt=  0.5000  0.5000  0.5000 (reduced coord)
  -0.86791   -0.82724   -0.82724   -0.82724   -0.50711   -0.44375   -0.44375   -0.44375
  -0.34377   -0.33072   -0.33072   -0.33072   -0.28547   -0.28547   -0.28521   -0.28521
  -0.28521   -0.25600   -0.25600   -0.25600   -0.20984   -0.20984   -0.20984   -0.19798
  -0.19798   -0.18522   -0.18522   -0.18522    0.02073    0.05870    0.05870    0.05870
   0.08119    0.08119    0.08119    0.10574    0.10574    0.10574    0.13664    0.14206
   0.14206    0.14282    0.14282    0.14282    0.15080    0.15080    0.15080    0.15879
   0.19897    0.19897    0.20125    0.20125    0.20125    0.20622    0.22046    0.22046
   0.22046    0.24609    0.24609    0.24609    0.26733    0.26733    0.26733    0.27718
   0.28290    0.28290    0.28290    0.30393    0.30393    0.31250    0.31250    0.31250
   0.33607    0.33607    0.33607    0.37463    0.37463    0.37463    0.38085    0.39084
   0.39084    0.39549    0.39549    0.39549    0.42512    0.42836    0.42836    0.43949
   0.43949    0.43949    0.44097    0.44097    0.44097    0.45445    0.45445    0.45445
   0.48248    0.48248    0.48254    0.48765
 Eigenvalues (hartree) for nkpt=   1  k points, SPIN DOWN:
 kpt#   1, nband=100, wtk=  1.00000, kpt=  0.5000  0.5000  0.5000 (reduced coord)
  -0.86241   -0.82111   -0.82111   -0.82111   -0.50471   -0.44084   -0.44084   -0.44084
  -0.33989   -0.32666   -0.32666   -0.32666   -0.27994   -0.27994   -0.27994   -0.27965
  -0.27965   -0.25047   -0.25047   -0.25047   -0.20461   -0.20461   -0.20461   -0.19255
  -0.19255   -0.17868   -0.17868   -0.17868    0.02187    0.05998    0.05998    0.05998
   0.08247    0.08247    0.08247    0.10748    0.10748    0.10748    0.13805    0.14401
   0.14401    0.14401    0.14405    0.14405    0.15277    0.15277    0.15277    0.16061
   0.20026    0.20026    0.20346    0.20346    0.20346    0.20757    0.22176    0.22176
   0.22176    0.24693    0.24693    0.24693    0.26913    0.26913    0.26913    0.27889
   0.28415    0.28415    0.28415    0.30476    0.30476    0.31444    0.31444    0.31444
   0.33717    0.33717    0.33717    0.37599    0.37599    0.37599    0.38225    0.39162
   0.39162    0.39629    0.39629    0.39629    0.42573    0.43014    0.43014    0.44071
   0.44071    0.44071    0.44229    0.44229    0.44229    0.45515    0.45515    0.45515
   0.48349    0.48349    0.48355    0.48892
