 Fermi (or HOMO) energy (hartree) =  -0.17846   Average Vxc (hartree)=  -0.19403
 Magnetization (Bohr magneton)=  1.00000000E+00
 Total spin up =  2.80000000E+01   Total spin down =  2.70000000E+01
 Eigenvalues (hartree) for nkpt=   1  k points, SPIN UP:
 kpt#   1, nband=100, wtk=  1.00000, kpt=  0.5000  0.5000  0.5000 (reduced coord)
  -0.87163   -0.83132   -0.83132   -0.83132   -0.50776   -0.44410   -0.44410   -0.44410
  -0.34387   -0.33082   -0.33082   -0.33082   -0.28555   -0.28555   -0.28526   -0.28526
  -0.28526   -0.25593   -0.25593   -0.25593   -0.20973   -0.20973   -0.20973   -0.19781
  -0.19781   -0.18498   -0.18498   -0.18498    0.02031    0.05868    0.05868    0.05868
   0.08121    0.08121    0.08121    0.10588    0.10588    0.10588    0.13650    0.14218
   0.14218    0.14292    0.14292    0.14292    0.15080    0.15080    0.15080    0.15877
   0.19911    0.19911    0.20143    0.20143    0.20143    0.20579    0.22060    0.22060
   0.22060    0.24615    0.24615    0.24615    0.26755    0.26755    0.26755    0.27784
   0.28296    0.28296    0.28296    0.30414    0.30414    0.31251    0.31251    0.31251
   0.33632    0.33632    0.33632    0.37472    0.37472    0.37472    0.38113    0.39075
   0.39075    0.39554    0.39554    0.39554    0.42516    0.42840    0.42840    0.43957
   0.43957    0.43957    0.44121    0.44121    0.44121    0.45442    0.45442    0.45442
   0.48244    0.48244    0.48256    0.48789
 Eigenvalues (hartree) for nkpt=   1  k points, SPIN DOWN:
 kpt#   1, nband=100, wtk=  1.00000, kpt=  0.5000  0.5000  0.5000 (reduced coord)
  -0.86612   -0.82519   -0.82519   -0.82519   -0.50537   -0.44120   -0.44120   -0.44120
  -0.34000   -0.32676   -0.32676   -0.32676   -0.28000   -0.28000   -0.28000   -0.27976
  -0.27976   -0.25041   -0.25041   -0.25041   -0.20451   -0.20451   -0.20451   -0.19238
  -0.19238   -0.17846   -0.17846   -0.17846    0.02145    0.05996    0.05996    0.05996
   0.08249    0.08249    0.08249    0.10761    0.10761    0.10761    0.13790    0.14412
   0.14412    0.14412    0.14416    0.14416    0.15276    0.15276    0.15276    0.16061
   0.20039    0.20039    0.20364    0.20364    0.20364    0.20712    0.22190    0.22190
   0.22190    0.24699    0.24699    0.24699    0.26936    0.26936    0.26936    0.27953
   0.28421    0.28421    0.28421    0.30496    0.30496    0.31444    0.31444    0.31444
   0.33742    0.33742    0.33742    0.37608    0.37608    0.37608    0.38254    0.39153
   0.39153    0.39634    0.39634    0.39634    0.42577    0.43019    0.43019    0.44080
   0.44080    0.44080    0.44254    0.44254    0.44254    0.45512    0.45512    0.45512
   0.48345    0.48345    0.48356    0.48916
