 Fermi (or HOMO) energy (hartree) =  -0.15053   Average Vxc (hartree)=  -0.19850
 Magnetization (Bohr magneton)=  1.00000000E+00
 Total spin up =  2.80000000E+01   Total spin down =  2.70000000E+01
 Eigenvalues (hartree) for nkpt=   1  k points, SPIN UP:
 kpt#   1, nband=100, wtk=  1.00000, kpt=  0.5000  0.5000  0.5000 (reduced coord)
  -1.14094   -1.11827   -1.11827   -1.11827   -0.52470   -0.44699   -0.44699   -0.44699
  -0.34151   -0.32648   -0.32648   -0.32648   -0.27825   -0.27825   -0.27220   -0.27220
  -0.27220   -0.24283   -0.24283   -0.24283   -0.19376   -0.19376   -0.19376   -0.17952
  -0.17952   -0.15667   -0.15667   -0.15667   -0.01273    0.05744    0.05744    0.05744
   0.08443    0.08443    0.08443    0.11605    0.11605    0.11605    0.13139    0.14887
   0.14887    0.14887    0.14958    0.14958    0.15114    0.15114    0.15114    0.16331
   0.18414    0.20904    0.20904    0.21243    0.21243    0.21243    0.22824    0.22824
   0.22824    0.24978    0.24978    0.24978    0.28195    0.28195    0.28195    0.28870
   0.28870    0.28870    0.31140    0.31154    0.31154    0.31284    0.31284    0.31284
   0.35159    0.35159    0.35159    0.38259    0.38259    0.38259    0.38681    0.38681
   0.39951    0.39977    0.39977    0.39977    0.42949    0.43225    0.43225    0.44372
   0.44372    0.44372    0.44664    0.44664    0.44664    0.46431    0.46431    0.46431
   0.47793    0.47793    0.47793    0.49844
 Eigenvalues (hartree) for nkpt=   1  k points, SPIN DOWN:
 kpt#   1, nband=100, wtk=  1.00000, kpt=  0.5000  0.5000  0.5000 (reduced coord)
  -1.13490   -1.11195   -1.11195   -1.11195   -0.52247   -0.44439   -0.44439   -0.44439
  -0.33840   -0.32277   -0.32277   -0.32277   -0.27302   -0.27302   -0.26775   -0.26775
  -0.26775   -0.23820   -0.23820   -0.23820   -0.18926   -0.18926   -0.18926   -0.17476
  -0.17476   -0.15054   -0.15054   -0.15054   -0.01158    0.05866    0.05866    0.05866
   0.08558    0.08558    0.08558    0.11765    0.11765    0.11765    0.13243    0.15067
   0.15067    0.15067    0.15134    0.15134    0.15226    0.15226    0.15226    0.16488
   0.18548    0.21021    0.21021    0.21437    0.21437    0.21437    0.22942    0.22942
   0.22942    0.25081    0.25081    0.25081    0.28367    0.28367    0.28367    0.28992
   0.28992    0.28992    0.31246    0.31253    0.31253    0.31453    0.31453    0.31453
   0.35274    0.35274    0.35274    0.38386    0.38386    0.38386    0.38777    0.38777
   0.40073    0.40073    0.40073    0.40110    0.43022    0.43391    0.43391    0.44512
   0.44512    0.44512    0.44779    0.44779    0.44779    0.46549    0.46549    0.46549
   0.47917    0.47917    0.47917    0.49990
