
 **** DERIVATIVE DATABASE ****    
+DDB, Version number    100401

  Note : temporary (transfer) database

    usepaw         0
     natom        21
      nkpt         1
    nsppol         2
      nsym        24
    ntypat         3
    occopt         3
     nband       100
     acell  0.15000000000000D+02  0.15000000000000D+02  0.15000000000000D+02
       amu  0.10079400000000D+01  0.15999400000000D+02  0.28085500000000D+02
   dilatmx  0.10000000000000D+01
      ecut  0.31000000000000D+02
    ecutsm  0.00000000000000D+00
     intxc         0
      iscf         7
       ixc     -1012
       kpt  0.50000000000000D+00  0.50000000000000D+00  0.50000000000000D+00
    kptnrm  0.10000000000000D+01
     ngfft        80   80   80
    nspden         2
   nspinor         1
       occ  0.10000000000000D+01  0.10000000000000D+01  0.10000000000000D+01
            0.10000000000000D+01  0.10000000000000D+01  0.10000000000000D+01
            0.10000000000000D+01  0.10000000000000D+01  0.10000000000000D+01
            0.10000000000000D+01  0.10000000000000D+01  0.10000000000000D+01
            0.10000000000000D+01  0.10000000000000D+01  0.10000000000000D+01
            0.10000000000000D+01  0.10000000000000D+01  0.10000000000000D+01
            0.10000000000000D+01  0.10000000000000D+01  0.10000000000000D+01
            0.10000000000000D+01  0.10000000000000D+01  0.10000000000000D+01
            0.10000000000000D+01  0.10000000000000D+01  0.10000000000000D+01
            0.10000000000000D+01  0.00000000000000D+00  0.00000000000000D+00
            0.00000000000000D+00  0.00000000000000D+00  0.00000000000000D+00
            0.00000000000000D+00  0.00000000000000D+00  0.00000000000000D+00
            0.00000000000000D+00  0.00000000000000D+00  0.00000000000000D+00
            0.00000000000000D+00  0.00000000000000D+00  0.00000000000000D+00
            0.00000000000000D+00  0.00000000000000D+00  0.00000000000000D+00
            0.00000000000000D+00  0.00000000000000D+00  0.00000000000000D+00
            0.00000000000000D+00  0.00000000000000D+00  0.00000000000000D+00
            0.00000000000000D+00  0.00000000000000D+00  0.00000000000000D+00
            0.00000000000000D+00  0.00000000000000D+00  0.00000000000000D+00
            0.00000000000000D+00  0.00000000000000D+00  0.00000000000000D+00
            0.00000000000000D+00  0.00000000000000D+00  0.00000000000000D+00
            0.00000000000000D+00  0.00000000000000D+00  0.00000000000000D+00
            0.00000000000000D+00  0.00000000000000D+00  0.00000000000000D+00
            0.00000000000000D+00  0.00000000000000D+00  0.00000000000000D+00
            0.00000000000000D+00  0.00000000000000D+00  0.00000000000000D+00
            0.00000000000000D+00  0.00000000000000D+00  0.00000000000000D+00
            0.00000000000000D+00  0.00000000000000D+00  0.00000000000000D+00
            0.00000000000000D+00  0.00000000000000D+00  0.00000000000000D+00
            0.00000000000000D+00  0.00000000000000D+00  0.00000000000000D+00
            0.00000000000000D+00  0.00000000000000D+00  0.00000000000000D+00
            0.00000000000000D+00  0.00000000000000D+00  0.00000000000000D+00
            0.00000000000000D+00  0.00000000000000D+00  0.00000000000000D+00
            0.00000000000000D+00  0.00000000000000D+00  0.00000000000000D+00
            0.00000000000000D+00
     rprim  0.10000000000000D+01  0.00000000000000D+00  0.00000000000000D+00
            0.00000000000000D+00  0.10000000000000D+01  0.00000000000000D+00
            0.00000000000000D+00  0.00000000000000D+00  0.10000000000000D+01
  dfpt_sciss  0.00000000000000D+00
    spinat  0.00000000000000D+00  0.00000000000000D+00  0.10000000000000D+00
            0.00000000000000D+00  0.00000000000000D+00  0.10000000000000D+00
            0.00000000000000D+00  0.00000000000000D+00  0.10000000000000D+00
            0.00000000000000D+00  0.00000000000000D+00  0.10000000000000D+00
            0.00000000000000D+00  0.00000000000000D+00  0.10000000000000D+00
            0.00000000000000D+00  0.00000000000000D+00  0.10000000000000D+00
            0.00000000000000D+00  0.00000000000000D+00  0.10000000000000D+00
            0.00000000000000D+00  0.00000000000000D+00  0.10000000000000D+00
            0.00000000000000D+00  0.00000000000000D+00  0.10000000000000D+00
            0.00000000000000D+00  0.00000000000000D+00  0.10000000000000D+00
            0.00000000000000D+00  0.00000000000000D+00  0.10000000000000D+00
            0.00000000000000D+00  0.00000000000000D+00  0.10000000000000D+00
            0.00000000000000D+00  0.00000000000000D+00  0.10000000000000D+00
            0.00000000000000D+00  0.00000000000000D+00  0.10000000000000D+00
            0.00000000000000D+00  0.00000000000000D+00  0.10000000000000D+00
            0.00000000000000D+00  0.00000000000000D+00  0.10000000000000D+00
            0.00000000000000D+00  0.00000000000000D+00  0.10000000000000D+00
            0.00000000000000D+00  0.00000000000000D+00  0.10000000000000D+00
            0.00000000000000D+00  0.00000000000000D+00  0.10000000000000D+00
            0.00000000000000D+00  0.00000000000000D+00  0.10000000000000D+00
            0.00000000000000D+00  0.00000000000000D+00  0.10000000000000D+00
    symafm         1    1    1    1    1    1    1    1    1    1    1    1
                   1    1    1    1    1    1    1    1    1    1    1    1
    symrel         1    0    0    0    1    0    0    0    1
                  -1    0    0    0    1    0    0    0   -1
                  -1    0    0    0   -1    0    0    0    1
                   1    0    0    0   -1    0    0    0   -1
                   0    1    0    1    0    0    0    0    1
                   0   -1    0    1    0    0    0    0   -1
                   0   -1    0   -1    0    0    0    0    1
                   0    1    0   -1    0    0    0    0   -1
                   0    0    1    1    0    0    0    1    0
                   0    0   -1    1    0    0    0   -1    0
                   0    0   -1   -1    0    0    0    1    0
                   0    0    1   -1    0    0    0   -1    0
                   1    0    0    0    0    1    0    1    0
                  -1    0    0    0    0    1    0   -1    0
                  -1    0    0    0    0   -1    0    1    0
                   1    0    0    0    0   -1    0   -1    0
                   0    1    0    0    0    1    1    0    0
                   0   -1    0    0    0    1   -1    0    0
                   0   -1    0    0    0   -1    1    0    0
                   0    1    0    0    0   -1   -1    0    0
                   0    0    1    0    1    0    1    0    0
                   0    0   -1    0    1    0   -1    0    0
                   0    0   -1    0   -1    0    1    0    0
                   0    0    1    0   -1    0   -1    0    0
     tnons  0.00000000000000D+00  0.00000000000000D+00  0.00000000000000D+00
            0.00000000000000D+00  0.00000000000000D+00  0.00000000000000D+00
            0.00000000000000D+00  0.00000000000000D+00  0.00000000000000D+00
            0.00000000000000D+00  0.00000000000000D+00  0.00000000000000D+00
            0.00000000000000D+00  0.00000000000000D+00  0.00000000000000D+00
            0.00000000000000D+00  0.00000000000000D+00  0.00000000000000D+00
            0.00000000000000D+00  0.00000000000000D+00  0.00000000000000D+00
            0.00000000000000D+00  0.00000000000000D+00  0.00000000000000D+00
            0.00000000000000D+00  0.00000000000000D+00  0.00000000000000D+00
            0.00000000000000D+00  0.00000000000000D+00  0.00000000000000D+00
            0.00000000000000D+00  0.00000000000000D+00  0.00000000000000D+00
            0.00000000000000D+00  0.00000000000000D+00  0.00000000000000D+00
            0.00000000000000D+00  0.00000000000000D+00  0.00000000000000D+00
            0.00000000000000D+00  0.00000000000000D+00  0.00000000000000D+00
            0.00000000000000D+00  0.00000000000000D+00  0.00000000000000D+00
            0.00000000000000D+00  0.00000000000000D+00  0.00000000000000D+00
            0.00000000000000D+00  0.00000000000000D+00  0.00000000000000D+00
            0.00000000000000D+00  0.00000000000000D+00  0.00000000000000D+00
            0.00000000000000D+00  0.00000000000000D+00  0.00000000000000D+00
            0.00000000000000D+00  0.00000000000000D+00  0.00000000000000D+00
            0.00000000000000D+00  0.00000000000000D+00  0.00000000000000D+00
            0.00000000000000D+00  0.00000000000000D+00  0.00000000000000D+00
            0.00000000000000D+00  0.00000000000000D+00  0.00000000000000D+00
            0.00000000000000D+00  0.00000000000000D+00  0.00000000000000D+00
    tolwfr  0.10000000000000D+01
   tphysel  0.00000000000000D+00
    tsmear  0.10000000000000D-04
     typat         3    3    3    3    3    2    2    2    2    1    1    1
                   1    1    1    1    1    1    1    1    1
       wtk  0.10000000000000D+01
      xred  0.00000000000000D+00  0.00000000000000D+00  0.00000000000000D+00
            0.23690075811311D+00 -0.23690075811311D+00 -0.23690075811311D+00
           -0.23690075811311D+00  0.23690075811311D+00 -0.23690075811311D+00
           -0.23690075811311D+00 -0.23690075811311D+00  0.23690075811311D+00
            0.23690075811311D+00  0.23690075811311D+00  0.23690075811311D+00
            0.11704327419276D+00 -0.11704327419276D+00 -0.11704327419276D+00
           -0.11704327419276D+00  0.11704327419276D+00 -0.11704327419276D+00
           -0.11704327419276D+00 -0.11704327419276D+00  0.11704327419276D+00
            0.11704327419276D+00  0.11704327419276D+00  0.11704327419276D+00
            0.19710283294700D+00 -0.19710283294700D+00 -0.41706677931107D+00
            0.19710283294700D+00 -0.41706677931107D+00 -0.19710283294700D+00
            0.41706677931107D+00 -0.19710283294700D+00 -0.19710283294700D+00
           -0.19710283294700D+00  0.19710283294700D+00 -0.41706677931107D+00
           -0.19710283294700D+00  0.41706677931107D+00 -0.19710283294700D+00
           -0.41706677931107D+00  0.19710283294700D+00 -0.19710283294700D+00
           -0.19710283294700D+00 -0.19710283294700D+00  0.41706677931107D+00
           -0.19710283294700D+00 -0.41706677931107D+00  0.19710283294700D+00
           -0.41706677931107D+00 -0.19710283294700D+00  0.19710283294700D+00
            0.41706677931107D+00  0.19710283294700D+00  0.19710283294700D+00
            0.19710283294700D+00  0.41706677931107D+00  0.19710283294700D+00
            0.19710283294700D+00  0.19710283294700D+00  0.41706677931107D+00
     znucl  0.10000000000000D+01  0.80000000000000D+01  0.14000000000000D+02
      zion  0.10000000000000D+01  0.60000000000000D+01  0.40000000000000D+01
 
 No information on the potentials yet 
 
 **** Database of total energy derivatives ****
 Number of data blocks=    2
  
 Total energy                 - # elements :       1
 -0.94243876092340D+02  0.00000000000000D+00
  
 1st derivatives              - # elements :      69
   1   1  0.00000000000000D+00  0.00000000000000D+00
   2   1  0.00000000000000D+00  0.00000000000000D+00
   3   1  0.00000000000000D+00  0.00000000000000D+00
   1   2  0.11993082253252D+00  0.00000000000000D+00
   2   2 -0.11993082253252D+00  0.00000000000000D+00
   3   2 -0.11993082253252D+00  0.00000000000000D+00
   1   3 -0.11993082253252D+00  0.00000000000000D+00
   2   3  0.11993082253252D+00  0.00000000000000D+00
   3   3 -0.11993082253252D+00  0.00000000000000D+00
   1   4 -0.11993082253252D+00  0.00000000000000D+00
   2   4 -0.11993082253252D+00  0.00000000000000D+00
   3   4  0.11993082253252D+00  0.00000000000000D+00
   1   5  0.11993082253252D+00  0.00000000000000D+00
   2   5  0.11993082253252D+00  0.00000000000000D+00
   3   5  0.11993082253252D+00  0.00000000000000D+00
   1   6 -0.87073875112041D-02  0.00000000000000D+00
   2   6  0.87073875112041D-02  0.00000000000000D+00
   3   6  0.87073875112041D-02  0.00000000000000D+00
   1   7  0.87073875112041D-02  0.00000000000000D+00
   2   7 -0.87073875112041D-02  0.00000000000000D+00
   3   7  0.87073875112041D-02  0.00000000000000D+00
   1   8  0.87073875112041D-02  0.00000000000000D+00
   2   8  0.87073875112041D-02  0.00000000000000D+00
   3   8 -0.87073875112041D-02  0.00000000000000D+00
   1   9 -0.87073875112041D-02  0.00000000000000D+00
   2   9 -0.87073875112041D-02  0.00000000000000D+00
   3   9 -0.87073875112041D-02  0.00000000000000D+00
   1  10 -0.38725649922167D-02  0.00000000000000D+00
   2  10  0.38725649922167D-02  0.00000000000000D+00
   3  10 -0.93764199653799D-02  0.00000000000000D+00
   1  11 -0.38725649922167D-02  0.00000000000000D+00
   2  11 -0.93764199653799D-02  0.00000000000000D+00
   3  11  0.38725649922167D-02  0.00000000000000D+00
   1  12  0.93764199653799D-02  0.00000000000000D+00
   2  12  0.38725649922167D-02  0.00000000000000D+00
   3  12  0.38725649922167D-02  0.00000000000000D+00
   1  13  0.38725649922167D-02  0.00000000000000D+00
   2  13 -0.38725649922167D-02  0.00000000000000D+00
   3  13 -0.93764199653799D-02  0.00000000000000D+00
   1  14  0.38725649922167D-02  0.00000000000000D+00
   2  14  0.93764199653799D-02  0.00000000000000D+00
   3  14  0.38725649922167D-02  0.00000000000000D+00
   1  15 -0.93764199653799D-02  0.00000000000000D+00
   2  15 -0.38725649922167D-02  0.00000000000000D+00
   3  15  0.38725649922167D-02  0.00000000000000D+00
   1  16  0.38725649922167D-02  0.00000000000000D+00
   2  16  0.38725649922167D-02  0.00000000000000D+00
   3  16  0.93764199653799D-02  0.00000000000000D+00
   1  17  0.38725649922167D-02  0.00000000000000D+00
   2  17 -0.93764199653799D-02  0.00000000000000D+00
   3  17 -0.38725649922167D-02  0.00000000000000D+00
   1  18 -0.93764199653799D-02  0.00000000000000D+00
   2  18  0.38725649922167D-02  0.00000000000000D+00
   3  18 -0.38725649922167D-02  0.00000000000000D+00
   1  19  0.93764199653799D-02  0.00000000000000D+00
   2  19 -0.38725649922167D-02  0.00000000000000D+00
   3  19 -0.38725649922167D-02  0.00000000000000D+00
   1  20 -0.38725649922167D-02  0.00000000000000D+00
   2  20  0.93764199653799D-02  0.00000000000000D+00
   3  20 -0.38725649922167D-02  0.00000000000000D+00
   1  21 -0.38725649922167D-02  0.00000000000000D+00
   2  21 -0.38725649922167D-02  0.00000000000000D+00
   3  21  0.93764199653799D-02  0.00000000000000D+00
   1  24  0.10290073890324D-03  0.00000000000000D+00
   2  24  0.10290073890324D-03  0.00000000000000D+00
   3  24  0.10290073890324D-03  0.00000000000000D+00
   1  25  0.00000000000000D+00  0.00000000000000D+00
   2  25  0.00000000000000D+00  0.00000000000000D+00
   3  25  0.00000000000000D+00  0.00000000000000D+00
