 Fermi (or HOMO) energy (hartree) =  -0.17660   Average Vxc (hartree)=  -0.19443
 Magnetization (Bohr magneton)=  1.00000000E+00
 Total spin up =  2.80000000E+01   Total spin down =  2.70000000E+01
 Eigenvalues (hartree) for nkpt=   1  k points, SPIN UP:
 kpt#   1, nband=100, wtk=  1.00000, kpt=  0.5000  0.5000  0.5000 (reduced coord)
  -0.89844   -0.86071   -0.86071   -0.86071   -0.51037   -0.44588   -0.44588   -0.44588
  -0.34434   -0.33081   -0.33081   -0.33081   -0.28514   -0.28514   -0.28493   -0.28493
  -0.28493   -0.25526   -0.25526   -0.25526   -0.20830   -0.20830   -0.20830   -0.19629
  -0.19629   -0.18304   -0.18304   -0.18304    0.01730    0.05860    0.05860    0.05860
   0.08138    0.08138    0.08138    0.10676    0.10676    0.10676    0.13580    0.14297
   0.14297    0.14368    0.14368    0.14368    0.15077    0.15077    0.15077    0.15888
   0.20009    0.20009    0.20266    0.20266    0.20266    0.20329    0.22180    0.22180
   0.22180    0.24672    0.24672    0.24672    0.26885    0.26885    0.26885    0.28343
   0.28343    0.28343    0.28394    0.30538    0.30538    0.31263    0.31263    0.31263
   0.33817    0.33817    0.33817    0.37537    0.37537    0.37537    0.38343    0.38995
   0.38995    0.39584    0.39584    0.39584    0.42541    0.42874    0.42874    0.44007
   0.44007    0.44007    0.44301    0.44301    0.44301    0.45420    0.45420    0.45420
   0.48205    0.48205    0.48244    0.48935
 Eigenvalues (hartree) for nkpt=   1  k points, SPIN DOWN:
 kpt#   1, nband=100, wtk=  1.00000, kpt=  0.5000  0.5000  0.5000 (reduced coord)
  -0.89287   -0.85458   -0.85458   -0.85458   -0.50804   -0.44304   -0.44304   -0.44304
  -0.34052   -0.32680   -0.32680   -0.32680   -0.27981   -0.27981   -0.27981   -0.27948
  -0.27948   -0.24986   -0.24986   -0.24986   -0.20314   -0.20314   -0.20314   -0.19091
  -0.19091   -0.17661   -0.17661   -0.17661    0.01844    0.05988    0.05988    0.05988
   0.08265    0.08265    0.08265    0.10849    0.10849    0.10849    0.13716    0.14490
   0.14490    0.14490    0.14494    0.14494    0.15270    0.15270    0.15270    0.16075
   0.20136    0.20136    0.20456    0.20484    0.20484    0.20484    0.22306    0.22306
   0.22306    0.24758    0.24758    0.24758    0.27065    0.27065    0.27065    0.28468
   0.28468    0.28468    0.28552    0.30620    0.30620    0.31454    0.31454    0.31454
   0.33928    0.33928    0.33928    0.37673    0.37673    0.37673    0.38490    0.39076
   0.39076    0.39666    0.39666    0.39666    0.42604    0.43053    0.43053    0.44131
   0.44131    0.44131    0.44438    0.44438    0.44438    0.45491    0.45491    0.45491
   0.48309    0.48309    0.48346    0.49063
