 Fermi (or HOMO) energy (hartree) =  -0.13471   Average Vxc (hartree)=  -0.20068
 Magnetization (Bohr magneton)=  1.00000000E+00
 Total spin up =  2.80000000E+01   Total spin down =  2.70000000E+01
 Eigenvalues (hartree) for nkpt=   1  k points, SPIN UP:
 kpt#   1, nband=100, wtk=  1.00000, kpt=  0.5000  0.5000  0.5000 (reduced coord)
  -1.27435   -1.25526   -1.25526   -1.25526   -0.52718   -0.44683   -0.44683   -0.44683
  -0.33816   -0.32052   -0.32052   -0.32052   -0.27006   -0.27006   -0.27004   -0.27004
  -0.27004   -0.23735   -0.23735   -0.23735   -0.18771   -0.18771   -0.18771   -0.17173
  -0.17173   -0.14061   -0.14061   -0.14061   -0.02546    0.05592    0.05592    0.05592
   0.08753    0.08753    0.08753    0.12127    0.12127    0.12127    0.13411    0.15074
   0.15074    0.15074    0.15329    0.15329    0.15329    0.15366    0.15366    0.16563
   0.18436    0.21367    0.21367    0.21805    0.21805    0.21805    0.23366    0.23366
   0.23366    0.25400    0.25400    0.25400    0.28715    0.28715    0.28715    0.29226
   0.29226    0.29226    0.31382    0.31382    0.31382    0.31591    0.31591    0.32371
   0.35810    0.35810    0.35810    0.38693    0.38693    0.38787    0.38787    0.38787
   0.40424    0.40424    0.40424    0.41837    0.43303    0.43303    0.43377    0.44649
   0.44649    0.44649    0.44663    0.44663    0.44663    0.47538    0.47538    0.47545
   0.47863    0.47863    0.47877    0.50376
 Eigenvalues (hartree) for nkpt=   1  k points, SPIN DOWN:
 kpt#   1, nband=100, wtk=  1.00000, kpt=  0.5000  0.5000  0.5000 (reduced coord)
  -1.26916   -1.24988   -1.24988   -1.24988   -0.52538   -0.44444   -0.44444   -0.44444
  -0.33508   -0.31709   -0.31709   -0.31709   -0.26584   -0.26584   -0.26584   -0.26530
  -0.26530   -0.23297   -0.23297   -0.23297   -0.18339   -0.18339   -0.18339   -0.16706
  -0.16706   -0.13471   -0.13471   -0.13471   -0.02435    0.05725    0.05725    0.05725
   0.08868    0.08868    0.08868    0.12298    0.12298    0.12298    0.13495    0.15269
   0.15269    0.15269    0.15434    0.15434    0.15434    0.15555    0.15555    0.16683
   0.18615    0.21488    0.21488    0.21993    0.21993    0.21993    0.23473    0.23473
   0.23473    0.25506    0.25506    0.25506    0.28878    0.28878    0.28878    0.29377
   0.29377    0.29377    0.31547    0.31547    0.31547    0.31691    0.31691    0.32446
   0.35922    0.35922    0.35922    0.38799    0.38799    0.38922    0.38922    0.38922
   0.40524    0.40524    0.40524    0.41962    0.43468    0.43481    0.43481    0.44753
   0.44753    0.44753    0.44818    0.44818    0.44818    0.47670    0.47670    0.47678
   0.47995    0.47995    0.48010    0.50528
