 Fermi (or HOMO) energy (hartree) =  -0.17876   Average Vxc (hartree)=  -0.19396
 Magnetization (Bohr magneton)=  1.00000000E+00
 Total spin up =  2.80000000E+01   Total spin down =  2.70000000E+01
 Eigenvalues (hartree) for nkpt=   1  k points, SPIN UP:
 kpt#   1, nband=100, wtk=  1.00000, kpt=  0.5000  0.5000  0.5000 (reduced coord)
  -0.86610   -0.82523   -0.82523   -0.82523   -0.50694   -0.44358   -0.44358   -0.44358
  -0.34371   -0.33069   -0.33069   -0.33069   -0.28541   -0.28541   -0.28512   -0.28512
  -0.28512   -0.25599   -0.25599   -0.25599   -0.20987   -0.20987   -0.20987   -0.19804
  -0.19804   -0.18531   -0.18531   -0.18531    0.02095    0.05872    0.05872    0.05872
   0.08120    0.08120    0.08120    0.10569    0.10569    0.10569    0.13669    0.14202
   0.14202    0.14275    0.14275    0.14275    0.15079    0.15079    0.15079    0.15880
   0.19891    0.19891    0.20120    0.20120    0.20120    0.20636    0.22031    0.22031
   0.22031    0.24599    0.24599    0.24599    0.26723    0.26723    0.26723    0.27661
   0.28288    0.28288    0.28288    0.30381    0.30381    0.31248    0.31248    0.31248
   0.33591    0.33591    0.33591    0.37459    0.37459    0.37459    0.38064    0.39087
   0.39087    0.39547    0.39547    0.39547    0.42511    0.42834    0.42834    0.43943
   0.43943    0.43943    0.44078    0.44078    0.44078    0.45447    0.45447    0.45447
   0.48249    0.48249    0.48253    0.48751
 Eigenvalues (hartree) for nkpt=   1  k points, SPIN DOWN:
 kpt#   1, nband=100, wtk=  1.00000, kpt=  0.5000  0.5000  0.5000 (reduced coord)
  -0.86059   -0.81910   -0.81910   -0.81910   -0.50454   -0.44066   -0.44066   -0.44066
  -0.33984   -0.32662   -0.32662   -0.32662   -0.27984   -0.27984   -0.27984   -0.27958
  -0.27958   -0.25045   -0.25045   -0.25045   -0.20464   -0.20464   -0.20464   -0.19260
  -0.19260   -0.17877   -0.17877   -0.17877    0.02208    0.06000    0.06000    0.06000
   0.08248    0.08248    0.08248    0.10743    0.10743    0.10743    0.13811    0.14394
   0.14394    0.14394    0.14401    0.14401    0.15276    0.15276    0.15276    0.16062
   0.20020    0.20020    0.20342    0.20342    0.20342    0.20772    0.22161    0.22161
   0.22161    0.24683    0.24683    0.24683    0.26904    0.26904    0.26904    0.27833
   0.28413    0.28413    0.28413    0.30464    0.30464    0.31441    0.31441    0.31441
   0.33700    0.33700    0.33700    0.37595    0.37595    0.37595    0.38204    0.39164
   0.39164    0.39627    0.39627    0.39627    0.42572    0.43012    0.43012    0.44066
   0.44066    0.44066    0.44210    0.44210    0.44210    0.45517    0.45517    0.45517
   0.48349    0.48349    0.48354    0.48877
