 Fermi (or HOMO) energy (hartree) =  -0.16165   Average Vxc (hartree)=  -0.19698
 Magnetization (Bohr magneton)=  1.00000000E+00
 Total spin up =  2.80000000E+01   Total spin down =  2.70000000E+01
 Eigenvalues (hartree) for nkpt=   1  k points, SPIN UP:
 kpt#   1, nband=100, wtk=  1.00000, kpt=  0.5000  0.5000  0.5000 (reduced coord)
  -1.05252   -1.02543   -1.02543   -1.02543   -0.52061   -0.44905   -0.44905   -0.44905
  -0.34409   -0.32785   -0.32785   -0.32785   -0.27861   -0.27861   -0.27820   -0.27820
  -0.27820   -0.24753   -0.24753   -0.24753   -0.19922   -0.19922   -0.19922   -0.18680
  -0.18680   -0.16787   -0.16787   -0.16787   -0.00129    0.05782    0.05782    0.05782
   0.08318    0.08318    0.08318    0.11263    0.11263    0.11263    0.13189    0.14631
   0.14631    0.14631    0.14714    0.14714    0.15074    0.15074    0.15074    0.16153
   0.18952    0.20564    0.20564    0.20967    0.20967    0.20967    0.22627    0.22627
   0.22627    0.24792    0.24792    0.24792    0.27712    0.27712    0.27712    0.28669
   0.28669    0.28669    0.30431    0.31014    0.31014    0.31289    0.31289    0.31289
   0.34712    0.34712    0.34712    0.37973    0.37973    0.37973    0.38663    0.38663
   0.39605    0.39755    0.39755    0.39755    0.42762    0.43117    0.43117    0.44225
   0.44225    0.44225    0.44762    0.44762    0.44762    0.45812    0.45812    0.45812
   0.47948    0.47948    0.47948    0.49567
 Eigenvalues (hartree) for nkpt=   1  k points, SPIN DOWN:
 kpt#   1, nband=100, wtk=  1.00000, kpt=  0.5000  0.5000  0.5000 (reduced coord)
  -1.04653   -1.01908   -1.01908   -1.01908   -0.51839   -0.44641   -0.44641   -0.44641
  -0.34070   -0.32409   -0.32409   -0.32409   -0.27351   -0.27351   -0.27351   -0.27331
  -0.27331   -0.24263   -0.24263   -0.24263   -0.19447   -0.19447   -0.19447   -0.18180
  -0.18180   -0.16165   -0.16165   -0.16165   -0.00013    0.05904    0.05904    0.05904
   0.08436    0.08436    0.08436    0.11427    0.11427    0.11427    0.13305    0.14781
   0.14781    0.14781    0.14897    0.14897    0.15223    0.15223    0.15223    0.16334
   0.19067    0.20684    0.20684    0.21169    0.21169    0.21169    0.22749    0.22749
   0.22749    0.24889    0.24889    0.24889    0.27890    0.27890    0.27890    0.28790
   0.28790    0.28790    0.30549    0.31105    0.31105    0.31464    0.31464    0.31464
   0.34827    0.34827    0.34827    0.38103    0.38103    0.38103    0.38755    0.38755
   0.39766    0.39847    0.39847    0.39847    0.42831    0.43285    0.43285    0.44357
   0.44357    0.44357    0.44886    0.44886    0.44886    0.45914    0.45914    0.45914
   0.48065    0.48065    0.48065    0.49708
