 Fermi (or HOMO) energy (hartree) =  -0.16669   Average Vxc (hartree)=  -0.19586
 Magnetization (Bohr magneton)=  1.00000000E+00
 Total spin up =  2.80000000E+01   Total spin down =  2.70000000E+01
 Eigenvalues (hartree) for nkpt=   1  k points, SPIN UP:
 kpt#   1, nband=100, wtk=  1.00000, kpt=  0.5000  0.5000  0.5000 (reduced coord)
  -0.98581   -0.95482   -0.95482   -0.95482   -0.51872   -0.44921   -0.44921   -0.44921
  -0.34461   -0.32941   -0.32941   -0.32941   -0.28329   -0.28329   -0.28329   -0.28175
  -0.28175   -0.25085   -0.25085   -0.25085   -0.20373   -0.20373   -0.20373   -0.18997
  -0.18997   -0.17300   -0.17300   -0.17300    0.00706    0.05830    0.05830    0.05830
   0.08222    0.08222    0.08222    0.11000    0.11000    0.11000    0.13345    0.14516
   0.14516    0.14516    0.14535    0.14535    0.15060    0.15060    0.15060    0.16024
   0.19451    0.20336    0.20336    0.20597    0.20597    0.20597    0.22426    0.22426
   0.22426    0.24703    0.24703    0.24703    0.27359    0.27359    0.27359    0.28523
   0.28523    0.28523    0.29556    0.30811    0.30811    0.31276    0.31276    0.31276
   0.34332    0.34332    0.34332    0.37758    0.37758    0.37758    0.38750    0.38750
   0.38925    0.39655    0.39655    0.39655    0.42663    0.43004    0.43004    0.44137
   0.44137    0.44137    0.44637    0.44637    0.44637    0.45493    0.45493    0.45493
   0.48037    0.48037    0.48037    0.49272
 Eigenvalues (hartree) for nkpt=   1  k points, SPIN DOWN:
 kpt#   1, nband=100, wtk=  1.00000, kpt=  0.5000  0.5000  0.5000 (reduced coord)
  -0.97986   -0.94843   -0.94843   -0.94843   -0.51645   -0.44649   -0.44649   -0.44649
  -0.34108   -0.32555   -0.32555   -0.32555   -0.27835   -0.27835   -0.27835   -0.27628
  -0.27628   -0.24575   -0.24575   -0.24575   -0.19887   -0.19887   -0.19887   -0.18485
  -0.18485   -0.16670   -0.16670   -0.16670    0.00821    0.05953    0.05953    0.05953
   0.08343    0.08343    0.08343    0.11166    0.11166    0.11166    0.13469    0.14648
   0.14648    0.14648    0.14722    0.14722    0.15230    0.15230    0.15230    0.16209
   0.19567    0.20458    0.20458    0.20804    0.20804    0.20804    0.22551    0.22551
   0.22551    0.24795    0.24795    0.24795    0.27537    0.27537    0.27537    0.28644
   0.28644    0.28644    0.29691    0.30899    0.30899    0.31456    0.31456    0.31456
   0.34446    0.34446    0.34446    0.37888    0.37888    0.37888    0.38838    0.38838
   0.39079    0.39741    0.39741    0.39741    0.42728    0.43174    0.43174    0.44265
   0.44265    0.44265    0.44776    0.44776    0.44776    0.45571    0.45571    0.45571
   0.48148    0.48148    0.48148    0.49409
