 Fermi (or HOMO) energy (hartree) =  -0.17722   Average Vxc (hartree)=  -0.19424
 Magnetization (Bohr magneton)=  1.00000000E+00
 Total spin up =  2.80000000E+01   Total spin down =  2.70000000E+01
 Eigenvalues (hartree) for nkpt=   1  k points, SPIN UP:
 kpt#   1, nband=100, wtk=  1.00000, kpt=  0.5000  0.5000  0.5000 (reduced coord)
  -0.88622   -0.84743   -0.84743   -0.84743   -0.51033   -0.44526   -0.44526   -0.44526
  -0.34430   -0.33098   -0.33098   -0.33098   -0.28588   -0.28588   -0.28496   -0.28496
  -0.28496   -0.25559   -0.25559   -0.25559   -0.20897   -0.20897   -0.20897   -0.19699
  -0.19699   -0.18369   -0.18369   -0.18369    0.01866    0.05868    0.05868    0.05868
   0.08138    0.08138    0.08138    0.10637    0.10637    0.10637    0.13605    0.14257
   0.14257    0.14333    0.14333    0.14333    0.15075    0.15075    0.15075    0.15883
   0.19965    0.19965    0.20218    0.20218    0.20218    0.20425    0.22112    0.22112
   0.22112    0.24633    0.24633    0.24633    0.26833    0.26833    0.26833    0.28038
   0.28323    0.28323    0.28323    0.30475    0.30475    0.31251    0.31251    0.31251
   0.33723    0.33723    0.33723    0.37508    0.37508    0.37508    0.38203    0.39030
   0.39030    0.39570    0.39570    0.39570    0.42531    0.42860    0.42860    0.43988
   0.43988    0.43988    0.44206    0.44206    0.44206    0.45431    0.45431    0.45431
   0.48220    0.48220    0.48238    0.48860
 Eigenvalues (hartree) for nkpt=   1  k points, SPIN DOWN:
 kpt#   1, nband=100, wtk=  1.00000, kpt=  0.5000  0.5000  0.5000 (reduced coord)
  -0.88067   -0.84130   -0.84130   -0.84130   -0.50796   -0.44239   -0.44239   -0.44239
  -0.34046   -0.32693   -0.32693   -0.32693   -0.28014   -0.28014   -0.27978   -0.27978
  -0.27978   -0.25014   -0.25014   -0.25014   -0.20378   -0.20378   -0.20378   -0.19160
  -0.19160   -0.17723   -0.17723   -0.17723    0.01980    0.05995    0.05995    0.05995
   0.08265    0.08265    0.08265    0.10810    0.10810    0.10810    0.13743    0.14454
   0.14454    0.14454    0.14455    0.14455    0.15270    0.15270    0.15270    0.16069
   0.20092    0.20092    0.20437    0.20437    0.20437    0.20555    0.22241    0.22241
   0.22241    0.24718    0.24718    0.24718    0.27013    0.27013    0.27013    0.28202
   0.28448    0.28448    0.28448    0.30558    0.30558    0.31443    0.31443    0.31443
   0.33833    0.33833    0.33833    0.37644    0.37644    0.37644    0.38346    0.39109
   0.39109    0.39651    0.39651    0.39651    0.42593    0.43038    0.43038    0.44111
   0.44111    0.44111    0.44341    0.44341    0.44341    0.45501    0.45501    0.45501
   0.48323    0.48323    0.48340    0.48988
