 Fermi (or HOMO) energy (hartree) =  -0.17880   Average Vxc (hartree)=  -0.19394
 Magnetization (Bohr magneton)=  1.00000000E+00
 Total spin up =  2.80000000E+01   Total spin down =  2.70000000E+01
 Eigenvalues (hartree) for nkpt=   1  k points, SPIN UP:
 kpt#   1, nband=100, wtk=  1.00000, kpt=  0.5000  0.5000  0.5000 (reduced coord)
  -0.86484   -0.82384   -0.82384   -0.82384   -0.50676   -0.44342   -0.44342   -0.44342
  -0.34366   -0.33064   -0.33064   -0.33064   -0.28545   -0.28545   -0.28500   -0.28500
  -0.28500   -0.25599   -0.25599   -0.25599   -0.20989   -0.20989   -0.20989   -0.19808
  -0.19808   -0.18536   -0.18536   -0.18536    0.02110    0.05874    0.05874    0.05874
   0.08120    0.08120    0.08120    0.10565    0.10565    0.10565    0.13672    0.14196
   0.14196    0.14271    0.14271    0.14271    0.15079    0.15079    0.15079    0.15881
   0.19886    0.19886    0.20116    0.20116    0.20116    0.20645    0.22023    0.22023
   0.22023    0.24595    0.24595    0.24595    0.26716    0.26716    0.26716    0.27623
   0.28287    0.28287    0.28287    0.30370    0.30370    0.31247    0.31247    0.31247
   0.33582    0.33582    0.33582    0.37455    0.37455    0.37455    0.38052    0.39089
   0.39089    0.39544    0.39544    0.39544    0.42511    0.42832    0.42832    0.43939
   0.43939    0.43939    0.44068    0.44068    0.44068    0.45449    0.45449    0.45449
   0.48249    0.48249    0.48251    0.48738
 Eigenvalues (hartree) for nkpt=   1  k points, SPIN DOWN:
 kpt#   1, nband=100, wtk=  1.00000, kpt=  0.5000  0.5000  0.5000 (reduced coord)
  -0.85933   -0.81770   -0.81770   -0.81770   -0.50436   -0.44050   -0.44050   -0.44050
  -0.33978   -0.32657   -0.32657   -0.32657   -0.27971   -0.27971   -0.27971   -0.27961
  -0.27961   -0.25045   -0.25045   -0.25045   -0.20466   -0.20466   -0.20466   -0.19265
  -0.19265   -0.17881   -0.17881   -0.17881    0.02224    0.06001    0.06001    0.06001
   0.08249    0.08249    0.08249    0.10739    0.10739    0.10739    0.13814    0.14390
   0.14390    0.14390    0.14395    0.14395    0.15276    0.15276    0.15276    0.16063
   0.20015    0.20015    0.20337    0.20337    0.20337    0.20781    0.22154    0.22154
   0.22154    0.24678    0.24678    0.24678    0.26896    0.26896    0.26896    0.27796
   0.28412    0.28412    0.28412    0.30453    0.30453    0.31440    0.31440    0.31440
   0.33691    0.33691    0.33691    0.37591    0.37591    0.37591    0.38191    0.39166
   0.39166    0.39624    0.39624    0.39624    0.42572    0.43010    0.43010    0.44061
   0.44061    0.44061    0.44200    0.44200    0.44200    0.45519    0.45519    0.45519
   0.48349    0.48349    0.48351    0.48864
