 Fermi (or HOMO) energy (hartree) =  -0.17799   Average Vxc (hartree)=  -0.19411
 Magnetization (Bohr magneton)=  1.00000000E+00
 Total spin up =  2.80000000E+01   Total spin down =  2.70000000E+01
 Eigenvalues (hartree) for nkpt=   1  k points, SPIN UP:
 kpt#   1, nband=100, wtk=  1.00000, kpt=  0.5000  0.5000  0.5000 (reduced coord)
  -0.87749   -0.83784   -0.83784   -0.83784   -0.50901   -0.44458   -0.44458   -0.44458
  -0.34404   -0.33094   -0.33094   -0.33094   -0.28592   -0.28592   -0.28488   -0.28488
  -0.28488   -0.25589   -0.25589   -0.25589   -0.20930   -0.20930   -0.20930   -0.19759
  -0.19759   -0.18449   -0.18449   -0.18449    0.01966    0.05869    0.05869    0.05869
   0.08129    0.08129    0.08129    0.10606    0.10606    0.10606    0.13630    0.14233
   0.14233    0.14308    0.14308    0.14308    0.15077    0.15077    0.15077    0.15877
   0.19931    0.19931    0.20181    0.20181    0.20181    0.20514    0.22082    0.22082
   0.22082    0.24622    0.24622    0.24622    0.26786    0.26786    0.26786    0.27860
   0.28306    0.28306    0.28306    0.30437    0.30437    0.31252    0.31252    0.31252
   0.33669    0.33669    0.33669    0.37486    0.37486    0.37486    0.38139    0.39058
   0.39058    0.39560    0.39560    0.39560    0.42523    0.42847    0.42847    0.43970
   0.43970    0.43970    0.44157    0.44157    0.44157    0.45437    0.45437    0.45437
   0.48236    0.48236    0.48280    0.48818
 Eigenvalues (hartree) for nkpt=   1  k points, SPIN DOWN:
 kpt#   1, nband=100, wtk=  1.00000, kpt=  0.5000  0.5000  0.5000 (reduced coord)
  -0.87197   -0.83172   -0.83172   -0.83172   -0.50663   -0.44169   -0.44169   -0.44169
  -0.34018   -0.32688   -0.32688   -0.32688   -0.28015   -0.28015   -0.27968   -0.27968
  -0.27968   -0.25040   -0.25040   -0.25040   -0.20409   -0.20409   -0.20409   -0.19218
  -0.19218   -0.17799   -0.17799   -0.17799    0.02080    0.05996    0.05996    0.05996
   0.08257    0.08257    0.08257    0.10779    0.10779    0.10779    0.13769    0.14428
   0.14428    0.14428    0.14432    0.14432    0.15273    0.15273    0.15273    0.16062
   0.20059    0.20059    0.20401    0.20401    0.20401    0.20646    0.22211    0.22211
   0.22211    0.24707    0.24707    0.24707    0.26966    0.26966    0.26966    0.28028
   0.28431    0.28431    0.28431    0.30519    0.30519    0.31445    0.31445    0.31445
   0.33779    0.33779    0.33779    0.37622    0.37622    0.37622    0.38281    0.39137
   0.39137    0.39641    0.39641    0.39641    0.42585    0.43026    0.43026    0.44094
   0.44094    0.44094    0.44291    0.44291    0.44291    0.45507    0.45507    0.45507
   0.48338    0.48338    0.48387    0.48946
