 Fermi (or HOMO) energy (hartree) =  -0.17494   Average Vxc (hartree)=  -0.19472
 Magnetization (Bohr magneton)=  1.00000000E+00
 Total spin up =  2.80000000E+01   Total spin down =  2.70000000E+01
 Eigenvalues (hartree) for nkpt=   1  k points, SPIN UP:
 kpt#   1, nband=100, wtk=  1.00000, kpt=  0.5000  0.5000  0.5000 (reduced coord)
  -0.91674   -0.88052   -0.88052   -0.88052   -0.51311   -0.44662   -0.44662   -0.44662
  -0.34429   -0.33074   -0.33074   -0.33074   -0.28574   -0.28574   -0.28392   -0.28392
  -0.28392   -0.25436   -0.25436   -0.25436   -0.20733   -0.20733   -0.20733   -0.19538
  -0.19538   -0.18135   -0.18135   -0.18135    0.01522    0.05857    0.05857    0.05857
   0.08169    0.08169    0.08169    0.10751    0.10751    0.10751    0.13508    0.14341
   0.14341    0.14412    0.14412    0.14412    0.15073    0.15073    0.15073    0.15909
   0.20068    0.20068    0.20110    0.20366    0.20366    0.20366    0.22236    0.22236
   0.22236    0.24686    0.24686    0.24686    0.26989    0.26989    0.26989    0.28381
   0.28381    0.28381    0.28587    0.30587    0.30587    0.31269    0.31269    0.31269
   0.33931    0.33931    0.33931    0.37588    0.37588    0.37588    0.38451    0.38935
   0.38935    0.39598    0.39598    0.39598    0.42570    0.42896    0.42896    0.44032
   0.44032    0.44032    0.44400    0.44400    0.44400    0.45414    0.45414    0.45414
   0.48173    0.48173    0.48175    0.48996
 Eigenvalues (hartree) for nkpt=   1  k points, SPIN DOWN:
 kpt#   1, nband=100, wtk=  1.00000, kpt=  0.5000  0.5000  0.5000 (reduced coord)
  -0.91110   -0.87435   -0.87435   -0.87435   -0.51079   -0.44381   -0.44381   -0.44381
  -0.34052   -0.32676   -0.32676   -0.32676   -0.28011   -0.28011   -0.27887   -0.27887
  -0.27887   -0.24902   -0.24902   -0.24902   -0.20222   -0.20222   -0.20222   -0.19006
  -0.19006   -0.17495   -0.17495   -0.17495    0.01637    0.05983    0.05983    0.05983
   0.08294    0.08294    0.08294    0.10923    0.10923    0.10923    0.13641    0.14535
   0.14535    0.14535    0.14537    0.14537    0.15263    0.15263    0.15263    0.16098
   0.20194    0.20194    0.20233    0.20582    0.20582    0.20582    0.22361    0.22361
   0.22361    0.24772    0.24772    0.24772    0.27169    0.27169    0.27169    0.28505
   0.28505    0.28505    0.28740    0.30670    0.30670    0.31459    0.31459    0.31459
   0.34042    0.34042    0.34042    0.37724    0.37724    0.37724    0.38599    0.39017
   0.39017    0.39682    0.39682    0.39682    0.42633    0.43073    0.43073    0.44157
   0.44157    0.44157    0.44539    0.44539    0.44539    0.45485    0.45485    0.45485
   0.48278    0.48278    0.48280    0.49127
